max_layer 2
boundary 2 2 78 78
min_pitch_size 4
via_cost 20
nets 25
net00 4 44 0 44 4 0
net01 36 52 0 76 12 0
net02 36 68 0 76 28 0
net03 28 60 0 68 20 0
net04 36 76 0 76 36 0
net05 28 52 0 68 12 0
net06 12 52 0 52 12 0
net07 20 68 0 60 28 0
net08 20 44 0 60 4 0
net09 12 44 0 52 4 0
net10 4 68 0 44 28 0
net11 12 60 0 52 20 0
net12 12 76 0 52 36 0
net13 28 76 0 68 36 0
net14 28 44 0 68 4 0
net15 4 60 0 44 20 0
net16 4 52 0 44 12 0
net17 20 76 0 60 36 0
net18 36 44 0 76 4 0
net19 36 60 0 76 20 0
net20 12 68 0 52 28 0
net21 4 76 0 44 36 0
net22 20 60 0 60 20 0
net23 28 68 0 68 28 0
net24 20 52 0 60 12 0
