x_coors 25
71000 73000 75000 77000 80000 82000 84000 86000 89000 91000 93000 95000 97000 100000 102000 104000 107000 110000 112000 114000 117000 120000 123000 126000 129000
y_coors 24
451000 453000 455000 458000 461000 463000 465000 467000 469000 471000 473000 475000 477000 479000 481000 483000 486000 488000 490000 492000 494000 497000 499000 501000
Net0 0
Net1 0
Net2 0
Net3 0
Net4 0
Net5 0
Net6 0
Net7 0
Net8 0
Net9 0
Net10 0
Net11 0
Net12 0
Net13 0
Net14 0
Net15 0
Net16 0
Net17 0
Net18 0
Net19 0
Net20 0
Net21 0
